stitches =

  356.5749  362.9674
  388.5031  362.4356
  355.3058  315.9111
  382.6448  316.1616
  354.0544  269.5128
  383.3767  270.0392
  350.9536  215.5904
  377.9725  216.1790
  349.4272  158.9912
  377.4865  161.5275


Ur3e_stitches =

    0.4821    0.4814    0.4706    0.4693    0.4595    0.4659    0.4461    0.4520    0.4324    0.4390
    0.0818    0.0901    0.0915    0.0987    0.1012    0.1080    0.1120    0.1182    0.1238    0.1298
   -0.1755   -0.0378   -0.1736   -0.0385   -0.1749   -0.1745   -0.1760   -0.1742   -0.1755   -0.1745
    1.0000    1.0000    1.0000    1.0000    1.0000    1.0000    1.0000    1.0000    1.0000    1.0000

//--------------------------------------------------

117.4890  156.5602
  119.8132  188.0912
  163.9325  152.6549
  165.2248  179.6935
  209.7264  148.8042
  210.8579  177.8188
  262.8537  142.7015
  263.7940  169.4426
  318.7158  138.0042
  317.7894  165.8835